{
  "source_path": "F:\\FBX\\T-Pose.fbx",
  "source_hash": "0488d8e09a780b72413eba3160e45e28dbfa27a3dc98f88b4ab7441e15db4135",
  "fps": 30,
  "frame_count": 2,
  "bones": [
    {
      "name": "mixamorig:Hips",
      "parent_index": -1,
      "rest_matrix": [
        [
          1.0,
          -5.009814003642532e-07,
          6.471443825262213e-09,
          -7.727290721959434e-06
        ],
        [
          5.010231802771159e-07,
          0.9999166131019592,
          -0.01291645783931017,
          104.27487182617188
        ],
        [
          1.1102230246251565e-15,
          0.01291645783931017,
          0.9999165534973145,
          1.5543158054351807
        ],
        [
          0.0,
          0.0,
          0.0,
          1.0
        ]
      ]
    },
    {
      "name": "mixamorig:Spine",
      "parent_index": 0,
      "rest_matrix": [
        [
          1.0,
          -1.0383149895432098e-09,
          -3.389819269727923e-08,
          -1.2828922990593128e-05
        ],
        [
          6.011051656429345e-09,
          0.9891318082809448,
          0.14703185856342316,
          114.45646667480469
        ],
        [
          3.337711262929588e-08,
          -0.14703184366226196,
          0.9891317486763,
          1.685836911201477
        ],
        [
          0.0,
          0.0,
          0.0,
          1.0
        ]
      ]
    },
    {
      "name": "mixamorig:Spine1",
      "parent_index": 1,
      "rest_matrix": [
        [
          1.0,
          -1.0382720239121568e-09,
          -3.389819269727923e-08,
          -1.2839315786550287e-05
        ],
        [
          6.011010800222039e-09,
          0.9891318082809448,
          0.14703191816806793,
          124.35042572021484
        ],
        [
          3.337711973472324e-08,
          -0.14703190326690674,
          0.9891317486763,
          0.2151254415512085
        ],
        [
          0.0,
          0.0,
          0.0,
          1.0
        ]
      ]
    },
    {
      "name": "mixamorig:Spine2",
      "parent_index": 2,
      "rest_matrix": [
        [
          1.0,
          7.211831842823813e-08,
          -3.5768483286346964e-08,
          -1.2848994629166555e-05
        ],
        [
          -6.723850987100377e-08,
          0.9925922751426697,
          0.12149395048618317,
          133.57118225097656
        ],
        [
          4.426545174851526e-08,
          -0.12149393558502197,
          0.9925922155380249,
          -1.1555163860321045
        ],
        [
          0.0,
          0.0,
          0.0,
          1.0
        ]
      ]
    },
    {
      "name": "mixamorig:Neck",
      "parent_index": 3,
      "rest_matrix": [
        [
          1.0,
          7.211816921426362e-08,
          -3.576849749720168e-08,
          -1.1632280802587047e-05
        ],
        [
          -6.723836065702926e-08,
          0.9925922751426697,
          0.12149392813444138,
          150.3115997314453
        ],
        [
          4.426544819580158e-08,
          -0.12149391323328018,
          0.9925922155380249,
          -3.2045552730560303
        ],
        [
          0.0,
          0.0,
          0.0,
          1.0
        ]
      ]
    },
    {
      "name": "mixamorig:Head",
      "parent_index": 4,
      "rest_matrix": [
        [
          1.0,
          7.211824737396455e-08,
          -3.576848683906064e-08,
          -1.1167745469720103e-05
        ],
        [
          -6.72384388167302e-08,
          0.9925922751426697,
          0.12149396538734436,
          159.92947387695312
        ],
        [
          4.426545174851526e-08,
          -0.12149395048618317,
          0.9925922155380249,
          -1.5195461511611938
        ],
        [
          0.0,
          0.0,
          0.0,
          1.0
        ]
      ]
    },
    {
      "name": "mixamorig:HeadTop_End",
      "parent_index": 5,
      "rest_matrix": [
        [
          1.0,
          7.211824737396455e-08,
          -3.576848683906064e-08,
          -9.032329217006918e-06
        ],
        [
          -6.72384388167302e-08,
          0.9925922751426697,
          0.12149396538734436,
          181.96685791015625
        ],
        [
          4.426545174851526e-08,
          -0.12149395048618317,
          0.9925922155380249,
          5.9815521240234375
        ],
        [
          0.0,
          0.0,
          0.0,
          1.0
        ]
      ]
    },
    {
      "name": "mixamorig:RightShoulder",
      "parent_index": 3,
      "rest_matrix": [
        [
          -0.20569555461406708,
          -0.9773643612861633,
          0.049483247101306915,
          -4.569982051849365
        ],
        [
          -0.010191105306148529,
          -0.04842246323823929,
          -0.9987751245498657,
          144.5861053466797
        ],
        [
          0.9785630106925964,
          -0.20594781637191772,
          -1.2665987014770508e-07,
          -3.3164029121398926
        ],
        [
          0.0,
          0.0,
          0.0,
          1.0
        ]
      ]
    },
    {
      "name": "mixamorig:RightArm",
      "parent_index": 7,
      "rest_matrix": [
        [
          1.7266160057261004e-07,
          -1.000000238418579,
          -1.1175870895385742e-08,
          -15.162834167480469
        ],
        [
          -5.274571890367952e-09,
          -3.725290298461914e-09,
          -1.000000238418579,
          144.06129455566406
        ],
        [
          1.0,
          1.999826366727575e-07,
          6.674412134088925e-09,
          -5.5485029220581055
        ],
        [
          0.0,
          0.0,
          0.0,
          1.0
        ]
      ]
    },
    {
      "name": "mixamorig:RightForeArm",
      "parent_index": 8,
      "rest_matrix": [
        [
          9.050445015645892e-08,
          -1.000000238418579,
          -1.490114787117136e-08,
          -43.004356384277344
        ],
        [
          -1.7348590120036533e-07,
          -2.8199664825478976e-14,
          -1.000000238418579,
          144.06130981445312
        ],
        [
          1.0,
          1.1782550757288845e-07,
          -1.615368745433443e-07,
          -5.548507213592529
        ],
        [
          0.0,
          0.0,
          0.0,
          1.0
        ]
      ]
    },
    {
      "name": "mixamorig:RightHand",
      "parent_index": 9,
      "rest_matrix": [
        [
          8.86021638279999e-08,
          -1.000000238418579,
          -1.490114787117136e-08,
          -71.33319091796875
        ],
        [
          -1.7158366460989782e-07,
          -2.786964554263565e-14,
          -1.000000238418579,
          144.06129455566406
        ],
        [
          1.0,
          1.1592322124442944e-07,
          -1.596346379528768e-07,
          -5.548489093780518
        ],
        [
          0.0,
          0.0,
          0.0,
          1.0
        ]
      ]
    },
    {
      "name": "mixamorig:RightHandThumb1",
      "parent_index": 10,
      "rest_matrix": [
        [
          0.39693936705589294,
          -0.7675347328186035,
          0.5033191442489624,
          -73.7979965209961
        ],
        [
          0.2312086671590805,
          -0.44707128405570984,
          -0.8641008138656616,
          142.4873046875
        ],
        [
          0.8882465362548828,
          0.45936721563339233,
          4.891666662842908e-07,
          -2.8666365146636963
        ],
        [
          0.0,
          0.0,
          0.0,
          1.0
        ]
      ]
    },
    {
      "name": "mixamorig:RightHandThumb2",
      "parent_index": 11,
      "rest_matrix": [
        [
          0.3837462365627289,
          -0.7771161794662476,
          0.49882858991622925,
          -77.01319122314453
        ],
        [
          0.22086460888385773,
          -0.44726821780204773,
          -0.8667008876800537,
          140.61453247070312
        ],
        [
          0.896636962890625,
          0.44276663661003113,
          -3.7502843497350113e-08,
          -0.9423540830612183
        ],
        [
          0.0,
          0.0,
          0.0,
          1.0
        ]
      ]
    },
    {
      "name": "mixamorig:RightHandThumb3",
      "parent_index": 12,
      "rest_matrix": [
        [
          0.3737460970878601,
          -0.7840132117271423,
          0.49561867117881775,
          -79.66801452636719
        ],
        [
          0.21327225863933563,
          -0.4473845064640045,
          -0.8685404062271118,
          139.0865478515625
        ],
        [
          0.9026788473129272,
          0.43031513690948486,
          5.947137537987146e-08,
          0.5702546834945679
        ],
        [
          0.0,
          0.0,
          0.0,
          1.0
        ]
      ]
    },
    {
      "name": "mixamorig:RightHandThumb4",
      "parent_index": 13,
      "rest_matrix": [
        [
          0.5537745356559753,
          -0.7332481741905212,
          0.394565224647522,
          -81.68683624267578
        ],
        [
          0.04826270043849945,
          -0.44479554891586304,
          -0.8943310379981995,
          137.93453979492188
        ],
        [
          0.8312671184539795,
          0.5143003463745117,
          -0.2109277993440628,
          1.6783093214035034
        ],
        [
          0.0,
          0.0,
          0.0,
          1.0
        ]
      ]
    },
    {
      "name": "mixamorig:RightHandIndex1",
      "parent_index": 10,
      "rest_matrix": [
        [
          0.00032833340810611844,
          -1.000000238418579,
          -1.4925570113177855e-08,
          -80.44147491455078
        ],
        [
          -2.459681525124324e-07,
          -5.634930369535773e-11,
          -1.000000238418579,
          143.54342651367188
        ],
        [
          0.9999999403953552,
          0.00032836064929142594,
          -2.340191258554114e-07,
          -3.2886545658111572
        ],
        [
          0.0,
          0.0,
          0.0,
          1.0
        ]
      ]
    },
    {
      "name": "mixamorig:RightHandIndex2",
      "parent_index": 15,
      "rest_matrix": [
        [
          -0.00018314880435355008,
          -1.0000001192092896,
          -1.0722789738792926e-05,
          -84.14147186279297
        ],
        [
          7.940153068375366e-08,
          1.0707873116189148e-05,
          -1.000000238418579,
          143.54342651367188
        ],
        [
          1.0,
          -0.0001831214176490903,
          8.938960149862396e-08,
          -3.2874395847320557
        ],
        [
          0.0,
          0.0,
          0.0,
          1.0
        ]
      ]
    },
    {
      "name": "mixamorig:RightHandIndex3",
      "parent_index": 16,
      "rest_matrix": [
        [
          -6.993726856308058e-06,
          -1.0,
          5.489357135957107e-06,
          -86.99148559570312
        ],
        [
          -2.4189040459532407e-07,
          -5.50426102563506e-06,
          -1.000000238418579,
          143.54345703125
        ],
        [
          1.0,
          -6.966335149627412e-06,
          -2.2990306547399086e-07,
          -3.287961483001709
        ],
        [
          0.0,
          0.0,
          0.0,
          1.0
        ]
      ]
    },
    {
      "name": "mixamorig:RightHandIndex4",
      "parent_index": 17,
      "rest_matrix": [
        [
          -0.00018123703193850815,
          -1.0,
          -3.78338427253766e-07,
          -89.76366424560547
        ],
        [
          0.0020052939653396606,
          0.0,
          -0.9999982118606567,
          143.54344177246094
        ],
        [
          0.9999979734420776,
          -0.00018121005268767476,
          0.0020053056068718433,
          -3.287980794906616
        ],
        [
          0.0,
          0.0,
          0.0,
          1.0
        ]
      ]
    },
    {
      "name": "mixamorig:RightHandMiddle1",
      "parent_index": 10,
      "rest_matrix": [
        [
          0.0010033893631771207,
          -0.9999997019767761,
          -1.4988948748850817e-08,
          -80.8656997680664
        ],
        [
          -8.760401470908619e-08,
          -1.1186884751879234e-13,
          -1.000000238418579,
          144.06124877929688
        ],
        [
          0.9999995231628418,
          0.0010034164879471064,
          -7.565496673578309e-08,
          -5.548513889312744
        ],
        [
          0.0,
          0.0,
          0.0,
          1.0
        ]
      ]
    },
    {
      "name": "mixamorig:RightHandMiddle2",
      "parent_index": 19,
      "rest_matrix": [
        [
          -0.0006963739870116115,
          -1.0,
          -5.1873817028535996e-06,
          -84.56571197509766
        ],
        [
          -1.0860404131562973e-08,
          5.17248963660677e-06,
          -1.000000238418579,
          144.06124877929688
        ],
        [
          0.9999998211860657,
          -0.0006963465129956603,
          -2.513267816084408e-09,
          -5.544801235198975
        ],
        [
          0.0,
          0.0,
          0.0,
          1.0
        ]
      ]
    },
    {
      "name": "mixamorig:RightHandMiddle3",
      "parent_index": 20,
      "rest_matrix": [
        [
          -5.245860666036606e-05,
          -1.0000001192092896,
          -1.4884335541864857e-08,
          -87.51570129394531
        ],
        [
          -3.1490611718254513e-07,
          0.0,
          -1.000000238418579,
          144.06126403808594
        ],
        [
          1.0000001192092896,
          -5.24311326444149e-05,
          -3.029570621038147e-07,
          -5.546855449676514
        ],
        [
          0.0,
          0.0,
          0.0,
          1.0
        ]
      ]
    },
    {
      "name": "mixamorig:RightHandMiddle4",
      "parent_index": 21,
      "rest_matrix": [
        [
          -0.00038564481656067073,
          -1.0,
          -5.909745595999993e-06,
          -90.46232604980469
        ],
        [
          0.0018578058807179332,
          5.178382707526907e-06,
          -0.9999985098838806,
          144.06126403808594
        ],
        [
          0.9999983310699463,
          -0.00038562764530070126,
          0.0018578155431896448,
          -5.5470099449157715
        ],
        [
          0.0,
          0.0,
          0.0,
          1.0
        ]
      ]
    },
    {
      "name": "mixamorig:RightHandRing1",
      "parent_index": 10,
      "rest_matrix": [
        [
          -0.0003118626191280782,
          -1.0000001192092896,
          -1.4972513895372686e-08,
          -80.4367904663086
        ],
        [
          5.725524943045457e-08,
          5.3497848512273904e-11,
          -1.000000238418579,
          144.01821899414062
        ],
        [
          0.9999999403953552,
          -0.000311835203319788,
          6.92041908223473e-08,
          -7.413624286651611
        ],
        [
          0.0,
          0.0,
          0.0,
          1.0
        ]
      ]
    },
    {
      "name": "mixamorig:RightHandRing2",
      "parent_index": 23,
      "rest_matrix": [
        [
          0.00013099308125674725,
          -1.0000001192092896,
          -5.295295522955712e-06,
          -83.8160629272461
        ],
        [
          1.7343653269108472e-07,
          5.2804175538767595e-06,
          -1.000000238418579,
          144.01821899414062
        ],
        [
          0.9999999403953552,
          0.00013102040975354612,
          1.8607730112307763e-07,
          -7.41467809677124
        ],
        [
          0.0,
          0.0,
          0.0,
          1.0
        ]
      ]
    },
    {
      "name": "mixamorig:RightHandRing3",
      "parent_index": 24,
      "rest_matrix": [
        [
          0.0003564970684237778,
          -1.0000001192092896,
          -1.4867964637232944e-08,
          -86.70575714111328
        ],
        [
          9.422721092278152e-08,
          0.0,
          -1.000000238418579,
          144.0182342529297
        ],
        [
          0.9999999403953552,
          0.00035652436781674623,
          1.0617615231467425e-07,
          -7.414299488067627
        ],
        [
          0.0,
          0.0,
          0.0,
          1.0
        ]
      ]
    },
    {
      "name": "mixamorig:RightHandRing4",
      "parent_index": 25,
      "rest_matrix": [
        [
          0.0019553478341549635,
          -0.9999982714653015,
          5.561018383559713e-07,
          -89.34456634521484
        ],
        [
          0.0002920214319601655,
          0.0,
          -1.0000001192092896,
          144.0182342529297
        ],
        [
          0.9999980330467224,
          0.001955375075340271,
          0.0002920327242463827,
          -7.413358688354492
        ],
        [
          0.0,
          0.0,
          0.0,
          1.0
        ]
      ]
    },
    {
      "name": "mixamorig:RightHandPinky1",
      "parent_index": 10,
      "rest_matrix": [
        [
          -0.0010408052476122975,
          -0.9999996423721313,
          8.462051482638344e-06,
          -79.40986633300781
        ],
        [
          -4.465248082397011e-08,
          -8.47691080707591e-06,
          -1.000000238418579,
          143.5745849609375
        ],
        [
          0.999999463558197,
          -0.0010407776571810246,
          -2.3880872390691366e-08,
          -9.354768753051758
        ],
        [
          0.0,
          0.0,
          0.0,
          1.0
        ]
      ]
    },
    {
      "name": "mixamorig:RightHandPinky2",
      "parent_index": 27,
      "rest_matrix": [
        [
          -0.0027334624901413918,
          -0.9999964833259583,
          7.250808721437352e-06,
          -83.00987243652344
        ],
        [
          1.5068796699324594e-07,
          -7.266149623319507e-06,
          -1.000000238418579,
          143.57455444335938
        ],
        [
          0.9999962449073792,
          -0.0027334345504641533,
          1.8249789945912198e-07,
          -9.358515739440918
        ],
        [
          0.0,
          0.0,
          0.0,
          1.0
        ]
      ]
    },
    {
      "name": "mixamorig:RightHandPinky3",
      "parent_index": 28,
      "rest_matrix": [
        [
          -0.0017394482856616378,
          -0.9999988079071045,
          1.4409532923309598e-05,
          -85.10984802246094
        ],
        [
          -3.750175778804987e-07,
          -1.442380562366452e-05,
          -1.000000238418579,
          143.5745391845703
        ],
        [
          0.9999985098838806,
          -0.0017394208116456866,
          -3.3797891774156597e-07,
          -9.364255905151367
        ],
        [
          0.0,
          0.0,
          0.0,
          1.0
        ]
      ]
    },
    {
      "name": "mixamorig:RightHandPinky4",
      "parent_index": 29,
      "rest_matrix": [
        [
          -0.0016574275214225054,
          -0.999998927116394,
          1.994175363506656e-06,
          -87.22562408447266
        ],
        [
          0.0031390972435474396,
          -7.211904630821664e-06,
          -0.9999952912330627,
          143.5745086669922
        ],
        [
          0.9999936819076538,
          -0.0016573856119066477,
          0.0031391161028295755,
          -9.367936134338379
        ],
        [
          0.0,
          0.0,
          0.0,
          1.0
        ]
      ]
    },
    {
      "name": "mixamorig:LeftShoulder",
      "parent_index": 3,
      "rest_matrix": [
        [
          -0.20570650696754456,
          0.9773624539375305,
          -0.04946530610322952,
          4.570434093475342
        ],
        [
          0.01018783450126648,
          -0.048404760658741,
          -0.9987758994102478,
          144.58590698242188
        ],
        [
          -0.9785606265068054,
          -0.2059587836265564,
          -8.940696716308594e-08,
          -3.316373825073242
        ],
        [
          0.0,
          0.0,
          0.0,
          1.0
        ]
      ]
    },
    {
      "name": "mixamorig:LeftArm",
      "parent_index": 31,
      "rest_matrix": [
        [
          8.932174182518793e-07,
          0.9999997019767761,
          -5.997717380523682e-07,
          15.162801742553711
        ],
        [
          -2.9315570415633374e-08,
          -5.513429641723633e-07,
          -1.0,
          144.06130981445312
        ],
        [
          -1.0,
          8.239863404924108e-07,
          -3.248683810852526e-08,
          -5.548494815826416
        ],
        [
          0.0,
          0.0,
          0.0,
          1.0
        ]
      ]
    },
    {
      "name": "mixamorig:LeftForeArm",
      "parent_index": 32,
      "rest_matrix": [
        [
          8.940093607634481e-07,
          0.9999996423721313,
          -1.6643205071886769e-06,
          43.00432586669922
        ],
        [
          -2.77770038081826e-08,
          -1.6158919606823474e-06,
          -1.0,
          144.06129455566406
        ],
        [
          -1.0,
          8.247781693171419e-07,
          -3.40262822362547e-08,
          -5.548471927642822
        ],
        [
          0.0,
          0.0,
          0.0,
          1.0
        ]
      ]
    },
    {
      "name": "mixamorig:LeftHand",
      "parent_index": 33,
      "rest_matrix": [
        [
          8.805850484350231e-07,
          0.9999996423721313,
          -1.902951566989941e-06,
          71.33316040039062
        ],
        [
          -4.120143159980216e-08,
          -1.8545231341704493e-06,
          -1.0,
          144.06124877929688
        ],
        [
          -1.0,
          8.113538569887169e-07,
          -2.060202675124856e-08,
          -5.548454761505127
        ],
        [
          0.0,
          0.0,
          0.0,
          1.0
        ]
      ]
    },
    {
      "name": "mixamorig:LeftHandThumb1",
      "parent_index": 34,
      "rest_matrix": [
        [
          0.3956294357776642,
          0.7685050964355469,
          -0.5028684139251709,
          73.79930114746094
        ],
        [
          -0.23017007112503052,
          -0.44710010290145874,
          -0.864362895488739,
          142.4850616455078
        ],
        [
          -0.889100193977356,
          0.4577127993106842,
          8.705903837835649e-07,
          -2.86672043800354
        ],
        [
          0.0,
          0.0,
          0.0,
          1.0
        ]
      ]
    },
    {
      "name": "mixamorig:LeftHandThumb2",
      "parent_index": 35,
      "rest_matrix": [
        [
          0.38398027420043945,
          0.7769781947135925,
          -0.49886199831962585,
          77.01710510253906
        ],
        [
          -0.22101864218711853,
          -0.4472294747829437,
          -0.8666812777519226,
          140.61300659179688
        ],
        [
          -0.8964987397193909,
          0.4430464804172516,
          -6.684294930892065e-07,
          -0.9502335786819458
        ],
        [
          0.0,
          0.0,
          0.0,
          1.0
        ]
      ]
    },
    {
      "name": "mixamorig:LeftHandThumb3",
      "parent_index": 36,
      "rest_matrix": [
        [
          0.3752461075782776,
          0.7831121683120728,
          -0.49590811133384705,
          79.67312622070312
        ],
        [
          -0.2142934501171112,
          -0.44721728563308716,
          -0.8683748245239258,
          139.08419799804688
        ],
        [
          -0.9018141031265259,
          0.43212422728538513,
          -7.778559734106238e-07,
          0.564274787902832
        ],
        [
          0.0,
          0.0,
          0.0,
          1.0
        ]
      ]
    },
    {
      "name": "mixamorig:LeftHandThumb4",
      "parent_index": 37,
      "rest_matrix": [
        [
          0.5487623810768127,
          0.7396976947784424,
          -0.3894948959350586,
          81.69401550292969
        ],
        [
          -0.03370669484138489,
          -0.44595852494239807,
          -0.8944185972213745,
          137.9301300048828
        ],
        [
          -0.8352985382080078,
          0.5039520263671875,
          -0.2197926640510559,
          1.679406762123108
        ],
        [
          0.0,
          0.0,
          0.0,
          1.0
        ]
      ]
    },
    {
      "name": "mixamorig:LeftHandIndex1",
      "parent_index": 34,
      "rest_matrix": [
        [
          -8.726987289264798e-05,
          0.9999996423721313,
          -4.158260253461776e-06,
          80.44246673583984
        ],
        [
          -6.971875876615741e-08,
          -4.1098392102867365e-06,
          -1.0,
          143.543212890625
        ],
        [
          -1.0,
          -8.73391327331774e-05,
          8.275755192244105e-09,
          -3.288583755493164
        ],
        [
          0.0,
          0.0,
          0.0,
          1.0
        ]
      ]
    },
    {
      "name": "mixamorig:LeftHandIndex2",
      "parent_index": 39,
      "rest_matrix": [
        [
          0.0001230426860274747,
          0.9999996423721313,
          -5.402368060458684e-06,
          84.14246368408203
        ],
        [
          5.067219888132968e-08,
          -5.353947926778346e-06,
          -1.0,
          143.54319763183594
        ],
        [
          -1.0,
          0.00012297349167056382,
          -1.1313255043887693e-07,
          -3.2889068126678467
        ],
        [
          0.0,
          0.0,
          0.0,
          1.0
        ]
      ]
    },
    {
      "name": "mixamorig:LeftHandIndex3",
      "parent_index": 40,
      "rest_matrix": [
        [
          -9.639829841034953e-06,
          0.9999996423721313,
          -5.547369710257044e-06,
          86.99246978759766
        ],
        [
          -1.9042617793729733e-07,
          -5.498945029103197e-06,
          -1.0,
          143.54318237304688
        ],
        [
          -1.0,
          -9.70906694419682e-06,
          1.2867758414358832e-07,
          -3.2885563373565674
        ],
        [
          0.0,
          0.0,
          0.0,
          1.0
        ]
      ]
    },
    {
      "name": "mixamorig:LeftHandIndex4",
      "parent_index": 41,
      "rest_matrix": [
        [
          -3.5673823731485754e-05,
          0.9999996423721313,
          -2.1492269297596067e-08,
          89.76732635498047
        ],
        [
          -0.0007550698355771601,
          -4.547473508864641e-13,
          -0.9999997019767761,
          143.5431671142578
        ],
        [
          -0.9999997019767761,
          -3.574304355424829e-05,
          0.0007550080772489309,
          -3.288583278656006
        ],
        [
          0.0,
          0.0,
          0.0,
          1.0
        ]
      ]
    },
    {
      "name": "mixamorig:LeftHandMiddle1",
      "parent_index": 34,
      "rest_matrix": [
        [
          -6.243510142667219e-05,
          0.9999995827674866,
          -4.842593170906184e-08,
          80.86656188964844
        ],
        [
          -5.6806396031561235e-08,
          -3.410605131648481e-13,
          -1.0,
          144.061279296875
        ],
        [
          -1.0,
          -6.250435399124399e-05,
          -4.995557745246515e-09,
          -5.548410892486572
        ],
        [
          0.0,
          0.0,
          0.0,
          1.0
        ]
      ]
    },
    {
      "name": "mixamorig:LeftHandMiddle2",
      "parent_index": 43,
      "rest_matrix": [
        [
          -1.9812461687251925e-05,
          0.9999995827674866,
          -5.220902949076844e-06,
          84.56655883789062
        ],
        [
          1.2736751386910328e-07,
          -5.172473265702138e-06,
          -1.0,
          144.061279296875
        ],
        [
          -1.0,
          -1.9881696061929688e-05,
          -1.8906663967754866e-07,
          -5.548642158508301
        ],
        [
          0.0,
          0.0,
          0.0,
          1.0
        ]
      ]
    },
    {
      "name": "mixamorig:LeftHandMiddle3",
      "parent_index": 44,
      "rest_matrix": [
        [
          2.1223460862529464e-05,
          0.9999995827674866,
          -4.8436049837619066e-08,
          87.51655578613281
        ],
        [
          -3.215108392851107e-07,
          0.0,
          -1.0,
          144.06126403808594
        ],
        [
          -1.0,
          2.1154244677745737e-05,
          2.597088837319461e-07,
          -5.54870080947876
        ],
        [
          0.0,
          0.0,
          0.0,
          1.0
        ]
      ]
    },
    {
      "name": "mixamorig:LeftHandMiddle4",
      "parent_index": 45,
      "rest_matrix": [
        [
          7.725789328105748e-05,
          0.9999995231628418,
          -2.066792603727663e-07,
          90.46942138671875
        ],
        [
          -0.0020483292173594236,
          -7.068998164605489e-15,
          -0.9999979138374329,
          144.06126403808594
        ],
        [
          -0.9999979138374329,
          7.71889608586207e-05,
          0.0020482672844082117,
          -5.548638343811035
        ],
        [
          0.0,
          0.0,
          0.0,
          1.0
        ]
      ]
    },
    {
      "name": "mixamorig:LeftHandRing1",
      "parent_index": 34,
      "rest_matrix": [
        [
          1.3558352293330245e-05,
          0.9999996423721313,
          -4.740718395623844e-08,
          80.43769073486328
        ],
        [
          1.0297276986648285e-07,
          1.020566742226947e-09,
          -1.0,
          144.01821899414062
        ],
        [
          -1.0,
          1.3489125194610097e-05,
          -1.6477470410336537e-07,
          -7.413529396057129
        ],
        [
          0.0,
          0.0,
          0.0,
          1.0
        ]
      ]
    },
    {
      "name": "mixamorig:LeftHandRing2",
      "parent_index": 47,
      "rest_matrix": [
        [
          1.3485368981491774e-05,
          0.9999996423721313,
          -5.2209143177606165e-06,
          83.58769989013672
        ],
        [
          4.6613845228193895e-08,
          -5.172487817617366e-06,
          -1.0,
          144.01821899414062
        ],
        [
          -1.0,
          1.3416140973276924e-05,
          -1.0848518883221914e-07,
          -7.413486957550049
        ],
        [
          0.0,
          0.0,
          0.0,
          1.0
        ]
      ]
    },
    {
      "name": "mixamorig:LeftHandRing3",
      "parent_index": 48,
      "rest_matrix": [
        [
          1.2691988558799494e-05,
          0.9999996423721313,
          -4.84383235743735e-08,
          86.53768920898438
        ],
        [
          -7.46765408621286e-07,
          4.547473508864641e-13,
          -1.0,
          144.01820373535156
        ],
        [
          -1.0,
          1.2622761460079346e-05,
          6.849634814898309e-07,
          -7.413447380065918
        ],
        [
          0.0,
          0.0,
          0.0,
          1.0
        ]
      ]
    },
    {
      "name": "mixamorig:LeftHandRing4",
      "parent_index": 49,
      "rest_matrix": [
        [
          4.5511183998314664e-05,
          0.9999996423721313,
          -3.5293190592255996e-09,
          89.1820068359375
        ],
        [
          0.0009865810861811042,
          -4.88791299102509e-13,
          -0.9999995231628418,
          144.0181884765625
        ],
        [
          -0.9999995231628418,
          4.544193870970048e-05,
          -0.0009866429027169943,
          -7.41339111328125
        ],
        [
          0.0,
          0.0,
          0.0,
          1.0
        ]
      ]
    },
    {
      "name": "mixamorig:LeftHandPinky1",
      "parent_index": 34,
      "rest_matrix": [
        [
          0.004090495873242617,
          0.999991238117218,
          8.428830369666684e-06,
          79.41094207763672
        ],
        [
          4.338699710615401e-08,
          8.477156370645389e-06,
          -1.0,
          143.57437133789062
        ],
        [
          -0.9999916553497314,
          0.00409042788669467,
          -7.051338712926736e-08,
          -9.35471248626709
        ],
        [
          0.0,
          0.0,
          0.0,
          1.0
        ]
      ]
    },
    {
      "name": "mixamorig:LeftHandPinky2",
      "parent_index": 51,
      "rest_matrix": [
        [
          0.003668966004624963,
          0.999992847442627,
          1.4482628102996387e-05,
          83.01090240478516
        ],
        [
          -2.525497677652311e-07,
          1.4532088243868202e-05,
          -1.0,
          143.57440185546875
        ],
        [
          -0.9999933242797852,
          0.0036688977852463722,
          2.440629032207653e-07,
          -9.339986801147461
        ],
        [
          0.0,
          0.0,
          0.0,
          1.0
        ]
      ]
    },
    {
      "name": "mixamorig:LeftHandPinky3",
      "parent_index": 52,
      "rest_matrix": [
        [
          0.0035356555599719286,
          0.9999933242797852,
          -4.5655724534299225e-08,
          85.11090087890625
        ],
        [
          7.842488685128046e-07,
          9.094947017729282e-13,
          -1.0,
          143.57443237304688
        ],
        [
          -0.9999938011169434,
          0.003535587340593338,
          -8.460459639536566e-07,
          -9.332282066345215
        ],
        [
          0.0,
          0.0,
          0.0,
          1.0
        ]
      ]
    },
    {
      "name": "mixamorig:LeftHandPinky4",
      "parent_index": 53,
      "rest_matrix": [
        [
          0.0029438515193760395,
          0.9999951720237732,
          2.5166727937175892e-06,
          87.23640441894531
        ],
        [
          -0.0015672361478209496,
          7.178844953159569e-06,
          -0.9999987483024597,
          143.57443237304688
        ],
        [
          -0.9999944567680359,
          0.0029437753837555647,
          0.0015671888832002878,
          -9.324767112731934
        ],
        [
          0.0,
          0.0,
          0.0,
          1.0
        ]
      ]
    },
    {
      "name": "mixamorig:RightUpLeg",
      "parent_index": 0,
      "rest_matrix": [
        [
          -1.0,
          -1.4823002381092465e-08,
          -6.67450024138816e-08,
          -8.207793235778809
        ],
        [
          1.4302175443958731e-08,
          -0.9999696016311646,
          0.007796431891620159,
          97.52320861816406
        ],
        [
          -6.685475995027446e-08,
          0.007796427235007286,
          0.9999696016311646,
          -0.04524426907300949
        ],
        [
          0.0,
          0.0,
          0.0,
          1.0
        ]
      ]
    },
    {
      "name": "mixamorig:RightLeg",
      "parent_index": 55,
      "rest_matrix": [
        [
          -1.0,
          2.1417495332798353e-08,
          1.8796626477524114e-09,
          -8.207794189453125
        ],
        [
          -2.1495884183764247e-08,
          -0.997661292552948,
          -0.06835135072469711,
          53.153079986572266
        ],
        [
          4.1513459336783853e-10,
          -0.06835135817527771,
          0.997661292552948,
          0.3006947338581085
        ],
        [
          0.0,
          0.0,
          0.0,
          1.0
        ]
      ]
    },
    {
      "name": "mixamorig:RightFoot",
      "parent_index": 56,
      "rest_matrix": [
        [
          -1.0,
          -2.760898496489972e-07,
          4.666874175995872e-08,
          -8.207793235778809
        ],
        [
          2.105937397800517e-07,
          -0.6317402124404907,
          0.7751801013946533,
          8.729400634765625
        ],
        [
          -1.8453303596288606e-07,
          0.7751801013946533,
          0.6317402124404907,
          -2.742841958999634
        ],
        [
          0.0,
          0.0,
          0.0,
          1.0
        ]
      ]
    },
    {
      "name": "mixamorig:RightToeBase",
      "parent_index": 57,
      "rest_matrix": [
        [
          -1.0,
          -3.083622743815795e-07,
          3.1944813372319913e-07,
          -8.207796096801758
        ],
        [
          3.194706152953586e-07,
          -7.295608520507812e-05,
          0.9999998807907104,
          0.0007276535034179688
        ],
        [
          -3.083351884924923e-07,
          0.9999998807907104,
          7.298588752746582e-05,
          7.967719078063965
        ],
        [
          0.0,
          0.0,
          0.0,
          1.0
        ]
      ]
    },
    {
      "name": "mixamorig:RightToe_End",
      "parent_index": 58,
      "rest_matrix": [
        [
          -0.9997305274009705,
          -3.083622175381606e-07,
          -0.02321438305079937,
          -8.20779800415039
        ],
        [
          -0.02321438118815422,
          -7.286881736945361e-05,
          0.9997304081916809,
          5.088048055768013e-05
        ],
        [
          -2.0005716123705497e-06,
          0.9999998807907104,
          7.287181506399065e-05,
          17.24584197998047
        ],
        [
          0.0,
          0.0,
          0.0,
          1.0
        ]
      ]
    },
    {
      "name": "mixamorig:LeftUpLeg",
      "parent_index": 0,
      "rest_matrix": [
        [
          -1.0,
          -3.631722833574713e-08,
          -1.772528435139975e-07,
          8.207784652709961
        ],
        [
          3.492974087748735e-08,
          -0.9999691247940063,
          0.00781940296292305,
          97.52317810058594
        ],
        [
          -1.7753407632881135e-07,
          0.007819396443665028,
          0.9999694228172302,
          -0.045239634811878204
        ],
        [
          0.0,
          0.0,
          0.0,
          1.0
        ]
      ]
    },
    {
      "name": "mixamorig:LeftLeg",
      "parent_index": 60,
      "rest_matrix": [
        [
          -1.0,
          8.881784197001252e-16,
          8.742424029151152e-08,
          8.207782745361328
        ],
        [
          -5.9775926430916115e-09,
          -0.9976597428321838,
          -0.06837043911218643,
          53.153160095214844
        ],
        [
          8.721700339719973e-08,
          -0.06837046891450882,
          0.9976599216461182,
          0.3017178475856781
        ],
        [
          0.0,
          0.0,
          0.0,
          1.0
        ]
      ]
    },
    {
      "name": "mixamorig:LeftFoot",
      "parent_index": 61,
      "rest_matrix": [
        [
          -1.0,
          -2.0706744408016675e-07,
          1.9195967126961477e-07,
          8.207782745361328
        ],
        [
          2.796157332340954e-07,
          -0.6317399740219116,
          0.775179922580719,
          8.729480743408203
        ],
        [
          -3.924859015569382e-08,
          0.7751801013946533,
          0.6317402124404907,
          -2.7426745891571045
        ],
        [
          0.0,
          0.0,
          0.0,
          1.0
        ]
      ]
    },
    {
      "name": "mixamorig:LeftToeBase",
      "parent_index": 62,
      "rest_matrix": [
        [
          -1.0,
          -3.0836176279080973e-07,
          3.1944841794029344e-07,
          8.207779884338379
        ],
        [
          3.1947047318681143e-07,
          -7.295608520507812e-05,
          0.9999996423721313,
          0.0008134841918945312
        ],
        [
          -3.0834110020805383e-07,
          0.9999999403953552,
          7.301568984985352e-05,
          7.967887878417969
        ],
        [
          0.0,
          0.0,
          0.0,
          1.0
        ]
      ]
    },
    {
      "name": "mixamorig:LeftToe_End",
      "parent_index": 63,
      "rest_matrix": [
        [
          -0.9997182488441467,
          -3.083618196342286e-07,
          0.023736950010061264,
          8.20777702331543
        ],
        [
          0.023736940696835518,
          -7.293176167877391e-05,
          0.9997178912162781,
          0.00013767712516710162
        ],
